s,x,px
0.0,-3.6e-11,5.2e-06
8.000000000000001e-07,-3.141008938726303e-11,5.795605326319876e-06
1.6e-06,-2.6374207607695915e-11,6.270549767316184e-06
2.4000000000000003e-06,-2.0991939991214953e-11,6.627592935525793e-06
3.2000000000000003e-06,-1.5359700047297412e-11,6.87131640799145e-06
4.000000000000001e-06,-9.569841399474777e-12,7.006671925840073e-06
4.800000000000001e-06,-3.71081711897189e-12,7.0379290862074145e-06
6e-06,2.1319603220938963e-12,6.968045097329373e-06
6.800000000000001e-06,7.874903371427123e-12,6.798436320612869e-06
7.6e-06,1.343500002901306e-11,6.529120907772986e-06
8.400000000000001e-06,1.872882833205981e-11,6.159205147196722e-06
9.2e-06,2.367210989030674e-11,5.68768525509936e-06
1e-05,2.8180047747323993e-11,5.114517109491946e-06
1.08e-05,3.216863726808249e-11,4.441861167375233e-06
1.16e-05,3.555703425327296e-11,3.6753417753726596e-06
1.24e-05,3.8270899784085675e-11,2.8250882714934015e-06
1.32e-05,4.0246426993367946e-11,1.9062849198455908e-06
1.4e-05,4.143453468854092e-11,9.389890897176215e-07
1.48e-05,4.180455944080853e-11,-5.2893393743909226e-08
1.6e-05,4.1346768397261515e-11,-1.0433782840777265e-06
1.68e-05,4.007319003281645e-11,-2.0066017742566055e-06
1.76e-05,3.801658978343032e-11,-2.9189940299709752e-06
1.84e-05,3.522780347553775e-11,-3.760981577560425e-06
1.92e-05,3.177195844179592e-11,-4.517922975746619e-06
2e-05,2.7724267621444835e-11,-5.180204534861494e-06
2.08e-05,2.316605437973376e-11,-5.742625428368875e-06
2.16e-05,1.8181501460056963e-11,-6.203320685439785e-06
2.24e-05,1.2855394764947663e-11,-6.562493507732846e-06
2.32e-05,7.271922167947641e-12,-6.82118265014724e-06
2.4e-05,1.5144292685195652e-12,-6.980217768300111e-06
2.52e-05,-4.334064553174696e-12,-7.039449429269078e-06
2.6e-05,-1.0189839118632143e-11,-6.997298070038013e-06
2.68e-05,-1.5967213135934753e-11,-6.850649409154527e-06
2.76e-05,-2.1577350572167037e-11,-6.595124140448061e-06
2.84e-05,-2.6927458464647012e-11,-6.225752480177462e-06
2.91999999999e-05,-3.19207227428935e-11,-5.738071139759301e-06
3e-05,-3.645732653136856e-11,-5.129613038666418e-06
3.08e-05,-4.0436834963179864e-11,-4.4016663726955455e-06
3.16e-05,-4.3762073808763346e-11,-3.5610455552475933e-06
3.24e-05,-4.6344355690489635e-11,-2.6214796664265547e-06
3.32e-05,-4.810954295501619e-11,-1.6041561904515585e-06
3.4e-05,-4.9004072894352716e-11,-5.370407392252185e-07
3.48e-05,-4.899985544482588e-11,5.471355455099832e-07
3.6e-05,-4.809702457998966e-11,1.6139322099259963e-06
3.68e-05,-4.632392488934653e-11,2.63064967988809e-06
3.76e-05,-4.373433643594492e-11,3.5693782975265733e-06
3.84e-05,-4.0402561445101825e-11,4.408999164656874e-06
3.92e-05,-3.6417393839356035e-11,5.135851934150628e-06
4e-05,-3.1876060634992685e-11,5.74318115651025e-06
4.08e-05,-2.6879006551763945e-11,6.229742134066864e-06
4.16e-05,-2.15260291681009e-11,6.598028453008498e-06
4.24e-05,-1.591390778694715e-11,6.852514467408075e-06
4.32e-05,-1.0135396710241343e-11,6.998168865428859e-06
4.4e-05,-4.2792979361791244e-12,7.03936161065359e-06
4.52e-05,1.5687314192186781e-12,6.979193297264291e-06
4.6e-05,7.324983410457316e-12,6.81922909393384e-06
4.68e-05,1.2906439774246679e-11,6.55960668771691e-06
4.76e-05,1.8229748433079613e-11,6.1994904395372826e-06
4.84e-05,2.321071344192222e-11,5.737844187252723e-06
4.92e-05,2.7764547369433622e-11,5.174478141206189e-06
5e-05,3.180708208036561e-11,4.51128265419719e-06
5.08e-05,3.525703481470712e-11,3.7534952733420584e-06
5.16e-05,3.803926760290495e-11,2.9107747184400105e-06
5.24e-05,4.00887672085337e-11,1.9978101783047676e-06
5.32e-05,4.135485025404696e-11,1.0342180851241e-06
5.4e-05,4.180493479494414e-11,4.35985883755526e-08
5.52e-05,4.142719362206283e-11,-9.481729170651581e-07
5.6e-05,4.023156170876788e-11,-1.9151217585237396e-06
5.68e-05,3.824888835967885e-11,-2.83337083086863e-06
5.76e-05,3.5528410650235014e-11,-3.6829048301596694e-06
5.83999999999e-05,3.2134053395962716e-11,-4.448587124359809e-06
5.92e-05,2.814023414464735e-11,-5.120333952294508e-06
6e-05,2.3627840706329244e-11,-5.692558667698576e-06
6.08e-05,1.8680894421079444e-11,-6.163127356558373e-06
6.16e-05,1.3384191845408464e-11,-6.532098685619303e-06
6.24e-05,7.822003546240572e-12,-6.800479994581106e-06
6.32e-05,2.0777445537382447e-12,-6.969159725912124e-06
6.4e-05,-3.765572946856643e-12,-7.038108408052676e-06
6.48e-05,-9.624350328406735e-12,-7.005895399167808e-06
6.6e-05,-1.5413152057575963e-11,-6.8695495808676225e-06
6.68e-05,-2.1043491806984098e-11,-6.624791424917345e-06
6.76e-05,-2.64229774204185e-11,-6.2666671207556066e-06
6.84e-05,-3.1455159781461136e-11,-5.7906048175772115e-06
6.92e-05,-3.6040432187171685e-11,-5.19386980649304e-06
7e-05,-4.007827376915426e-11,-4.477306406797288e-06
7.08e-05,-4.347098449548869e-11,-3.647123077412463e-06
7.16e-05,-4.612879691083313e-11,-2.716337989025042e-06
7.24e-05,-4.7975890980423024e-11,-1.705423992896966e-06
7.32e-05,-4.8956469033683e-11,-6.417573887216246e-07
7.4e-05,-4.903981105231668e-11,4.422714774613503e-07
7.48e-05,-4.822326981598876e-11,1.5122370887334615e-06
7.6e-05,-4.653253604606026e-11,2.535125463111101e-06
7.68e-05,-4.4019112455373213e-11,3.48245486802856e-06
7.76e-05,-4.075556692980992e-11,4.332397402980668e-06
7.84e-05,-3.682956124339487e-11,5.070576868155328e-06
7.92e-05,-3.233775193854438e-11,5.689619711074906e-06
8e-05,-2.738046477750359e-11,6.187822036573214e-06
8.08e-05,-2.2057687428141236e-11,6.567394698461047e-06
8.16e-05,-1.6466555761784538e-11,6.832690775616922e-06
8.24e-05,-1.0700225714790187e-11,6.988685618654252e-06
8.32e-05,-4.8478560672876794e-12,7.0398432756329414e-06
8.4e-05,1.0046399377795206e-12,6.989405252911614e-06
8.52e-05,6.773421899336321e-12,6.839086561573434e-06
8.6e-05,1.2375455461475535e-11,6.589148709414741e-06
8.68e-05,1.77274534454852e-11,6.238821420598459e-06
8.76e-05,2.2745304565366532e-11,5.787046053076552e-06
8.84e-05,2.7344242206134697e-11,5.23349885650575e-06
8.92e-05,3.143995605979985e-11,4.579812159136194e-06
9e-05,3.4950755631222956e-11,3.830847014438248e-06
9.08e-05,3.780074167387639e-11,2.9957974499708176e-06
9.16e-05,3.992373460648087e-11,2.0888567182552876e-06
9.24e-05,4.126748484412065e-11,1.1291913958860574e-06
9.32e-05,4.1797517276181514e-11,1.4007967036959178e-07
9.4e-05,4.149991997024989e-11,-8.52732716178478e-07
9.52e-05,4.038252629087913e-11,-1.8231812284295476e-06
9.6e-05,3.8474245270187805e-11,-2.7470983148124024e-06
9.68e-05,3.582267993170774e-11,-3.604036464847073e-06
9.76e-05,3.24905126369639e-11,-4.378365395453162e-06
9.84e-05,2.855132735443045e-11,-5.059525855816628e-06
9.92e-05,2.4085544771164362e-11,-5.641535350717854e-06
0.0001,1.9177002616894318e-11,-6.12197900334417e-06
0.0001008,1.391049595267391e-11,-6.500759138034532e-06
0.0001016,8.370375095297198e-12,-6.7788415826852595e-06
0.0001024,2.6401289509289604e-12,-6.957166027671443e-06
0.0001032,-3.1972279835357504e-12,-7.035818403675967e-06
0.000104,-9.058206656239954e-12,-7.013515660748638e-06
0.0001052,-1.4857605640524426e-11,-6.887431998167849e-06
0.000106,-2.0507280013678364e-11,-6.653393603036031e-06
0.0001068,-2.5915236732104256e-11,-6.306472572270173e-06
0.0001076,-3.0985399843886295e-11,-5.842002243577705e-06
0.0001084,-3.5618393764098415e-11,-5.256996828621981e-06
0.0001092,-3.971364678378484e-11,-4.5518738405657405e-06
0.00011,-4.317298144850091e-11,-3.732249735107266e-06
0.0001108,-4.590560739008481e-11,-2.810438159622839e-06
0.0001116,-4.783408012178981e-11,-1.8061922809011828e-06
0.0001124,-4.890041533870659e-11,-7.462811451752578e-07
0.0001132,-4.907129174774453e-11,3.372741823404265e-07
0.000114,-4.834128347511072e-11,1.4100961454234148e-06
0.0001152,-4.6733403182321034e-11,2.4388862147669407e-06
0.000116,-4.429683083590013e-11,3.394610768112982e-06
0.0001167999999999,-4.110234301113523e-11,4.2547403237351864e-06
0.0001176,-3.7236411328494264e-11,5.00417830851203e-06
0.0001184,-3.279507141081188e-11,5.634920170921001e-06
0.0001192,-2.787849229605748e-11,6.144786013207182e-06
0.00012,-2.258682822689023e-11,6.535687098322133e-06
0.0001208,-1.7017561269859562e-11,6.811840853755216e-06
0.0001216,-1.1264249105523215e-11,6.978218622126945e-06
0.0001224,-5.4164146280812435e-12,7.039371870730022e-06
0.0001232,4.397615237294336e-13,6.998680188361882e-06
0.000124,6.220294360489994e-12,6.85800913586098e-06
0.0001248,1.1842123270525536e-11,6.617748022210801e-06
0.000126,1.7222020409803673e-11,6.277198947457892e-06
0.0001268,2.2275960574810852e-11,5.835290461883126e-06
0.0001276,2.691920831759169e-11,5.291576437468614e-06
0.0001284,3.106733150724584e-11,4.647443304657878e-06
0.0001292,3.4638261895161696e-11,3.907386211469112e-06
0.00013,3.7555376231042334e-11,3.0801409588894783e-06
0.0001308,3.975136865277968e-11,2.1794047411479665e-06
0.0001316,4.117246003426697e-11,1.223886147097164e-06
0.0001324,4.178230873880948e-11,2.3652573740124166e-07
0.0001332,4.156492941340548e-11,-7.570809367903451e-07
0.000134,4.052604741051475e-11,-1.7308006635059736e-06
0.0001348,3.8692608730537784e-11,-2.6601928368778592e-06
0.000136,3.611054785270674e-11,-3.524388136214226e-06
0.0001368,3.284126490271895e-11,-4.307264928833128e-06
0.0001376,2.895747166770543e-11,-4.997783639822527e-06
0.0001384,2.453908934711761e-11,-5.589556225868023e-06
0.0001392,1.9669748885904987e-11,-6.079874914092922e-06
0.00014,1.443423074255302e-11,-6.468473781075607e-06
0.0001408,8.916961216153025e-12,-6.756266834433148e-06
0.0001416,3.201506914319093e-12,-6.944237202385027e-06
0.0001424,-2.6291062282053706e-12,-7.032581357941922e-06
0.0001432,-8.491486879188957e-12,-7.020162190470298e-06
0.000144,-1.4300655906898204e-11,-6.904301021102643e-06
0.0001448,-1.99688010282196e-11,-6.680935310533597e-06
0.000146,-2.5404325831672746e-11,-6.345172608574653e-06
0.0001468,-3.0511534643474675e-11,-5.892264849818752e-06
0.0001476,-3.519130261325963e-11,-5.318991521334981e-06
0.0001484,-3.9343040969964116e-11,-4.625360489130588e-06
0.0001492,-4.2868142069526963e-11,-3.816410648894481e-06
0.00015,-4.56748492424527e-11,-2.903758436320093e-06
0.0001508,-4.7684151837874225e-11,-1.906433506788309e-06
0.0001516,-4.8835928644999845e-11,-8.505809242195109e-07
0.0001524,-4.909428804411061e-11,2.321752041610341e-07
0.0001532,-4.8451030711667255e-11,1.307538198012844e-06
0.000154,-4.692646949527514e-11,2.3419554733280706e-06
0.0001548,-4.456741789541894e-11,3.3058628408307613e-06
0.000156,-4.144280485578248e-11,4.176037917538957e-06
0.0001568,-3.763785351455166e-11,4.9366602679077615e-06
0.0001576,-3.3247927112342236e-11,5.579082062232875e-06
0.0001584,-2.837299884633159e-11,6.1006307873058615e-06
0.0001592,-2.3113364652389948e-11,6.502901128055542e-06
0.00016,-1.7566841245327167e-11,6.789960171574325e-06
0.0001608,-1.1827387282387276e-11,6.966764198631806e-06
0.0001616,-5.9848965501201925e-12,7.037945045371206e-06
0.0001624,-1.258281089104192e-13,7.0070171943939825e-06
0.0001632,5.66567628690771e-12,6.875997133372074e-06
0.000164,1.1306519297648156e-11,6.645405645827363e-06
0.0001648,1.6713526294808394e-11,6.3146239389755176e-06
0.000166,2.180275880900108e-11,5.882577194613155e-06
0.0001668,2.6489521979912425e-11,5.348708353342171e-06
0.0001676,3.068928122291325e-11,4.714170101921019e-06
0.0001684,3.431961965185419e-11,3.983102528680684e-06
0.0001692,3.7303226742685507e-11,3.163790189492389e-06
0.00017,3.95717103969751e-11,2.2694348232059506e-06
0.0001708,4.106979923849162e-11,1.3182796893541733e-06
0.0001716,4.17593129837034e-11,3.3291270379183927e-07
0.0001724,4.162220580845039e-11,-6.612410077224367e-07
0.0001732,4.0662090366849267e-11,-1.6380008826757003e-06
0.000174,3.890392829493274e-11,-2.5726711900274454e-06
0.0001748,3.639195190575929e-11,-3.4439719575268187e-06
0.000176,3.318623952433813e-11,-4.235293275702371e-06
0.0001768,2.935859178828824e-11,-4.935111016880575e-06
0.0001776,2.4988397275665007e-11,-5.536622245887877e-06
0.0001784,2.015905601262392e-11,-6.036814468358909e-06
0.0001792,1.4955319782977863e-11,-6.435241524595804e-06
0.00018,9.461686259702781e-12,-6.7327550898714505e-06
0.0001808,3.761802935717656e-12,-6.930373653103997e-06
0.0001816,-2.0612840947711937e-12,-7.028399071187451e-06
0.0001824,-7.924269509949323e-12,-7.025838199260987e-06
0.0001832,-1.3742384529597232e-11,-6.920160936954795e-06
0.000184,-1.9428140311445637e-11,-6.707421200084009e-06
0.0001848,-2.4890333840432662e-11,-6.382771147073037e-06
0.000186,-3.003365576572139e-11,-5.941394367169071e-06
0.0001868,-3.475925027566954e-11,-5.37985176367362e-06
0.0001876,-3.896654392726781e-11,-4.697758769609389e-06
0.0001884,-4.255654493480964e-11,-3.89959161331471e-06
0.0001892,-4.5436586312369643e-11,-2.9962777167882807e-06
0.00019,-4.752614979304258e-11,-2.006120603816822e-06
0.0001908,-4.8763028290118974e-11,-9.5462585782863e-07
0.0001916,-4.910879300626824e-11,1.2700618603783908e-07
0.0001924,-4.8552479023409127e-11,1.2045924555345959e-06
0.0001932,-4.711168010723464e-11,2.244357371329061e-06
0.000194,-4.48308013394269e-11,3.216228604333301e-06
0.0001948,-4.1776868463121104e-11,4.0963008145098095e-06
0.000196,-3.803379756647981e-11,4.868027279564036e-06
0.0001968,-3.3696227079905806e-11,5.5221052725343724e-06
0.0001976,-2.88638939105653e-11,6.055353281914066e-06
0.0001984,-2.3637209429640234e-11,6.4690323238653575e-06
0.0001992,-1.8114312254660903e-11,6.76704415550163e-06
0.0002,-1.2389560343899385e-11,6.954318561552934e-06
0.0002008,-6.553224569504168e-12,7.035560309879364e-06
0.0002016,-6.92053167240858e-13,7.014415226434234e-06
0.0002024,5.109643150036234e-12,6.893050770003111e-06
0.0002032,1.0768719558181782e-11,6.6721225627802515e-06
0.000204,1.620204799288967e-11,6.351097365983144e-06
0.0002048,2.1325776617813348e-11,5.9289061926871035e-06
0.000206,2.6055259662365617e-11,5.404892349597258e-06
0.0002068,3.030587847528353e-11,4.779986942225632e-06
0.0002076,3.3994895763282777e-11,4.057986078086539e-06
0.0002084,3.7044349874710984e-11,3.2467305408218253e-06
0.0002092,3.9384802441865004e-11,2.3589279262745224e-06
0.00021,4.095952769038952e-11,1.4123496158482337e-06
0.0002108,4.1728535755160305e-11,4.292165330518762e-07
0.0002116,4.1671734910905316e-11,-5.652365125752472e-07
0.0002124,4.0790622153741727e-11,-1.5448030307706757e-06
0.0002132,3.910815489132778e-11,-2.4845505989670847e-06
0.000214,3.666683058027412e-11,-3.3628005019674944e-06
0.0002148,3.35253664596404e-11,-4.162458405658265e-06
0.000216,2.975461273302208e-11,-4.871512028063326e-06
0.0002168,2.5433391483844836e-11,-5.482734579108956e-06
0.0002176,2.0644846735472735e-11,-5.992797147411593e-06
0.0002184,1.547368655384971e-11,-6.401061280703792e-06
0.0002192,1.0004474520492922e-11,-6.708305615086165e-06
0.00022,4.3209415344925705e-12,-6.915575660279875e-06
0.0002208,-1.4938378574648339e-12,-7.0232732024296585e-06
0.0002216,-7.35663280705207e-12,-7.030546770173126e-06
0.0002224,-1.318287283844522e-11,-6.935015953579099e-06
0.0002232,-1.8885382948108388e-11,-6.732855930942931e-06
0.000224,-2.4373349557990702e-11,-6.419272234987426e-06
0.0002248,-2.955185464481424e-11,-5.989392809458298e-06
0.000226,-3.432232844548928e-11,-5.439575882002958e-06
0.0002268,-3.8584243843783114e-11,-4.769061689850887e-06
0.0002276,-4.223826974078015e-11,-3.981779094042708e-06
0.0002284,-4.519088412247764e-11,-3.087975546999862e-06
0.0002292,-4.736011981758873e-11,-2.105227006792435e-06
0.00023,-4.868173609496053e-11,-1.0583853232888096e-06
0.0002308,-4.911480225768738e-11,2.179883943317523e-08
0.0002316,-4.864559828208943e-11,1.1012884927852308e-06
0.0002323999999999,-4.7288982113070704e-11,2.1461166208037074e-06
0.0002332,-4.5086910315451546e-11,3.125726249477812e-06
0.000234,-4.210445071714233e-11,4.015540292032728e-06
0.0002348,-3.84241536368011e-11,4.798284411216791e-06
0.000236,-3.413987935631276e-11,5.463990066744991e-06
0.0002368,-2.935108673104736e-11,6.008950634754839e-06
0.0002376,-2.415827492597131e-11,6.434076294749491e-06
0.0002384,-1.865989049347363e-11,6.743088197064767e-06
0.0002392,-1.295068807848255e-11,6.940877819642153e-06
0.00024,-7.121321215671839e-12,7.0322150368422295e-06
0.0002408,-1.258837768461698e-12,7.020873102804365e-06
0.0002416,4.552270408119162e-12,6.9091701563148544e-06
0.0002424,1.0228799989872931e-11,6.697899711035235e-06
0.0002432,1.5687662316264756e-11,6.386620241655897e-06
0.000244,2.0845091349756986e-11,5.974277546924916e-06
0.0002448,2.561649800553249e-11,5.46012643686938e-06
0.000246,2.991719697077881e-11,4.844888588112751e-06
0.0002468,3.366415787209673e-11,4.132027415211873e-06
0.0002476,3.677880345382144e-11,3.3289478691804387e-06
0.0002484,3.919068891194745e-11,2.4478654079495814e-06
0.0002492,4.0841672422881994e-11,1.5060737789592704e-06
0.00025,4.168998473612301e-11,5.25413257794724e-07
0.0002508,4.171350438662932e-11,-4.690911707380092e-07
0.0002516,4.09116114855049e-11,-1.45122856441212e-06
0.0002524,3.930524085604528e-11,-2.3958487132487486e-06
0.0002532,3.6935123399741674e-11,-3.280886803205884e-06
0.000254,3.385857632724641e-11,-4.088768713227337e-06
0.0002548,3.014545985875821e-11,-4.806991053058588e-06
0.000256,2.5873995002169125e-11,-5.427894620742057e-06
0.0002568,2.1127043755471603e-11,-5.9478225448285326e-06
0.0002576,1.59892544476223e-11,-6.365931972481141e-06
0.0002584,1.0545250231050906e-11,-6.68291760842638e-06
0.0002592,4.8788472478607595e-12,-6.899843385199735e-06
0.00026,-9.268436621854298e-13,-7.017205269812188e-06
0.0002608,-6.788654785249739e-12,-7.034290855597367e-06
0.0002616,-1.2622201826805492e-11,-6.948870193094157e-06
0.0002624,-1.8340613646694792e-11,-6.7572441589410855e-06
0.0002632,-2.3853461452259534e-11,-6.454680035917811e-06
0.000264,-2.9066222541367823e-11,-6.036262457746837e-06
0.0002648,-3.3880628934485174e-11,-5.498162634391071e-06
0.000266,-3.819622944883487e-11,-4.83926283659102e-06
0.0002668,-4.191339724997014e-11,-4.062960224064905e-06
0.0002676,-4.493780982093005e-11,-3.1788321287730332e-06
0.0002684,-4.7186109866411285e-11,-2.2037266716300198e-06
0.0002692,-4.8592076342786334e-11,-1.1618289716328255e-06
0.00027,-4.911231398472561e-11,-8.34150867673117e-08
0.0002708,-4.8730360761959473e-11,9.976562242527225e-07
0.0002716,-4.7458324626394874e-11,2.0472584975503626e-06
0.0002724,-4.533567546725584e-11,3.034374636287395e-06
0.0002732,-4.24254694390343e-11,3.9337682816924875e-06
0.000274,-3.880883230938411e-11,4.727437278678135e-06
0.0002748,-3.457879202155895e-11,5.404737103189059e-06
0.000276,-2.983448632808588e-11,5.961420213402454e-06
0.0002768,-2.4676473157442855e-11,6.398028734879042e-06
0.0002776,-1.9203491784074426e-11,6.718087661674322e-06
0.0002784,-1.3510689956243462e-11,6.926437982131449e-06
0.0002792,-7.689108800367201e-12,7.027906462796703e-06
0.00028,-1.8261059287622184e-12,7.026389503261676e-06
0.0002808,3.993633514858708e-12,6.9243552931500185e-06
0.0002816,9.686836456738193e-12,6.722737976913618e-06
0.0002824,1.5170445993916788e-11,6.421193612079815e-06
0.0002832,2.036078034033055e-11,6.0186914865563985e-06
0.000284,2.5173313800319468e-11,5.514408879817766e-06
0.0002848,2.952331082412982e-11,4.908870164152572e-06
0.000286,3.3327474365966564e-11,4.205217534287649e-06
0.0002868,3.6506646430495734e-11,3.4104284899318666e-06
0.0002876,3.8989415421063254e-11,2.536229030990443e-06
0.0002884,4.0716262246623586e-11,1.5994303063408383e-06
0.0002892,4.164366954179484e-11,6.214789995192354e-07
0.00029,4.1747503822006066e-11,-3.7282881813109236e-07
0.0002908,4.102502882148318e-11,-1.3572992373010046e-06
0.0002916,3.9495139967765474e-11,-2.3065835996454086e-06
0.0002924,3.7196770958900286e-11,-3.1982443553037204e-06
0.0002932,3.418580044111512e-11,-4.014233023932773e-06
0.000294,3.053105889007e-11,-4.741552820056035e-06
0.0002948,2.631013098336425e-11,-5.37210400415253e-06
0.000296,2.1605569745700435e-11,-5.901890377226234e-06
0.0002968,1.65019467705033e-11,-6.329852542922394e-06
0.0002976,1.1083937556628407e-11,-6.656590206990617e-06
0.0002984,5.435444621364449e-12,-6.883176873703506e-06
0.0002992,-3.603775378974561e-13,-7.0101966513520346e-06
0.0003,-6.2204132262191705e-12,-7.037073274801985e-06
0.0003008,-1.2060452158796333e-11,-6.961727685924616e-06
0.0003016,-1.779391674014118e-11,-6.780590526830344e-06
0.0003024,-2.333075765063495e-11,-6.488998816695725e-06
0.0003032,-2.8576850521511918e-11,-6.082005844726126e-06
0.000304,-3.3434243637834383e-11,-5.555611194824802e-06
0.0003048,-3.780258996676011e-11,-4.908356363045018e-06
0.000306,-4.1582009237328726e-11,-4.143122798890156e-06
0.0003068,-4.4677432128178116e-11,-3.268828326114393e-06
0.0003076,-4.7004169976188045e-11,-2.30159409380754e-06
0.0003084,-4.849407575599479e-11,-1.2649267554345657e-06
0.0003092,-4.910132893840065e-11,-1.8860383724313867e-07
0.00031,-4.880674116612067e-11,8.937258772989501e-07
0.0003108,-4.7619658824407124e-11,1.947808824262176e-06
0.0003116,-4.5577028988685116e-11,2.942193289266346e-06
0.0003124,-4.2739843440246853e-11,3.850997375349636e-06
0.0003132,-3.9187744644214134e-11,4.655492058953771e-06
0.000314,-3.501287322521161e-11,5.344347449538869e-06
0.0003148,-3.0314001519156814e-11,5.912759630649389e-06
0.000316,-2.5191715796195594e-11,6.360885436303775e-06
0.0003168,-1.974503157368559e-11,6.692037897769936e-06
0.0003176,-1.406948512111104e-11,6.910994964195088e-06
0.0003184,-8.256509406687363e-12,7.02263169023344e-06
0.0003192,-2.3937815520379246e-12,7.030962967833118e-06
0.00032,3.433807928487583e-12,6.9386060675245345e-06
0.0003208,9.142904753555503e-12,6.746638188246396e-06
0.0003216,1.4650475669351374e-11,6.454818547016921e-06
0.0003224,1.9872920901321878e-11,6.0621483683275824e-06
0.0003232,2.4725783967930108e-11,5.567738185912214e-06
0.000324,2.9124294529551033e-11,4.971927147432498e-06
0.0003248,3.298491434239183e-11,4.27754786290188e-06
0.000326,3.622793884188721e-11,3.4911591785812294e-06
0.0003268,3.8781029039334804e-11,2.6240009719912064e-06
0.0003276,4.058332772715038e-11,1.6923976164483497e-06
0.0003284,4.15896017116759e-11,7.173899881923782e-07
0.0003292,4.1773724732571694e-11,-2.764733877042437e-07
0.00033,4.1130846389432724e-11,-1.2630370849195924e-06
0.0003308,3.9677807480886735e-11,-2.2167737337814205e-06
0.0003316,3.7451714960886666e-11,-3.1148871119223257e-06
0.0003324,3.450697084557223e-11,-3.938860599855718e-06
0.0003332,3.091133594777819e-11,-4.675202415371635e-06
0.000334,2.6741722722045697e-11,-5.315364612093772e-06
0.0003348,2.2080347361657542e-11,-5.855000495107261e-06
0.000336,1.701168674441341e-11,-6.292821964084057e-06
0.0003368,1.1620460590506521e-11,-6.6293224933674644e-06
0.0003376,5.990658199687324e-12,-6.865576060178267e-06
0.0003384,2.0548459207237402e-13,-7.002248585983413e-06
0.0003392,-5.6519856894216415e-12,-7.038896711796141e-06
0.00034,-1.1497704176945155e-11,-6.973592365195592e-06
0.0003408,-1.7245376187287564e-11,-6.802899654990304e-06
0.0003416,-2.2805325932198215e-11,-6.522232934549882e-06
0.0003424,-2.808382943721188e-11,-6.126625739281712e-06
0.0003432,-3.298326450119265e-11,-5.611921137309089e-06
0.000344,-3.740341507169138e-11,-4.976336975992411e-06
0.0003448,-4.1244188436953414e-11,-4.222255270846719e-06
0.000346,-4.4409821283284847e-11,-3.3579456703903974e-06
0.0003468,-4.681435222109845e-11,-2.3988043257088553e-06
0.0003476,-4.838776347067103e-11,-1.3676489559294785e-06
0.0003484,-4.9081850433653373e-11,-2.937356812799157e-07
0.0003492,-4.887471665069908e-11,7.895279646110472e-07
0.00035,-4.77729379913738e-11,1.8477939525056732e-06
0.0003508,-4.581090467714773e-11,2.8492023915212273e-06
0.0003516,-4.304749257608996e-11,3.767240830292154e-06
0.0003524,-3.956080222329959e-11,4.582455502848255e-06
0.0003532,-3.544203122018966e-11,5.282822598636244e-06
0.000354,-3.078954093942225e-11,5.862966760029024e-06
0.0003548,-2.5703914178974665e-11,6.322642301961004e-06
0.000356,-2.0284424933553023e-11,6.664934246318463e-06
0.0003568,-1.462699238357534e-11,6.894544592757294e-06
0.0003576,-8.823444878453223e-12,7.01638768992152e-06
0.0003584,-2.961788418673593e-12,7.034591895946218e-06
0.0003592,2.8728691210144236e-12,6.951922248798706e-06
0.00036,8.597080610754147e-12,6.769601107788057e-06
0.0003608,1.412782789895288e-11,6.487496130886055e-06
0.0003616,1.938159031085374e-11,6.104648665730909e-06
0.0003624,2.4273985540623984e-11,5.620113094185982e-06
0.0003632,2.872022293258654e-11,5.034055357791976e-06
0.000364,3.263654757386929e-11,4.349010256157105e-06
0.0003648,3.594274177458668e-11,3.5711271711776537e-06
0.000366,3.8565578259377334e-11,2.711163829336607e-06
0.0003668,4.044290116075856e-11,1.7849544335185464e-06
0.0003676,4.152779470000391e-11,8.131225816385361e-07
0.0003684,4.179216057005958e-11,-1.8004888971240987e-07
0.0003692,4.1229038207663114e-11,-1.1684644086530835e-06
0.00037,3.9853200158222386e-11,-2.1264379910054138e-06
0.0003708,3.769989825435452e-11,-3.030829484802706e-06
0.0003716,3.482202035084648e-11,-3.862661144651399e-06
0.0003724,3.128621757833876e-11,-4.607945292771499e-06
0.0003732,2.716869367540761e-11,-5.257678587867507e-06
0.000374,2.2551299252620803e-11,-5.807152893800989e-06
0.0003748,1.751839750982408e-11,-6.254839246427636e-06
0.000376,1.2154743349994188e-11,-6.601113502621194e-06
0.0003768,6.544412517948138e-12,-6.847040771823572e-06
0.0003776,7.70666898981138e-13,-6.993362174894344e-06
0.0003784,-5.083449522974958e-12,-7.039763713513624e-06
0.0003792,-1.0934037910135419e-11,-6.984468061478377e-06
0.00038,-1.6695075574924212e-11,-6.8241761325000925e-06
0.0003808,-2.227725372080461e-11,-6.5543868245984245e-06
0.0003816,-2.758724990769862e-11,-6.170125131247883e-06
0.0003824,-3.252778348893022e-11,-5.667092419894309e-06
0.0003832,-3.6998794843294734e-11,-5.043199922410238e-06
0.000384,-4.0900018489224056e-11,-4.300346742518523e-06
0.0003848,-4.4135048989793484e-11,-3.4461663643605033e-06
0.000386,-4.661671066713918e-11,-2.495332992853735e-06
0.0003868,-4.827317100894833e-11,-1.4699662094260208e-06
0.0003876,-4.9053884346116726e-11,-3.9877894369443907e-07
0.0003884,-4.893426684673845e-11,6.850932560565161e-07
0.0003892,-4.791811756053772e-11,1.7472407436433927e-06
0.00039,-4.603723798646863e-11,2.7554227777419605e-06
0.0003908,-4.3348337799572627e-11,3.6825125734863554e-06
0.0003916,-3.992791719740746e-11,4.508334947068119e-06
0.0003924,-3.586617439762308e-11,5.2201644842023095e-06
0.0003932,-3.126101306329502e-11,5.812039751508259e-06
0.000394,-2.621297931648495e-11,6.2832953590058355e-06
0.0003948,-2.0821586558595523e-11,6.63677205068204e-06
0.000396,-1.5183130213658565e-11,6.87708261265927e-06
0.0003968,-9.38983680952541e-12,7.00917130356062e-06
0.0003976,-3.530050174011898e-12,7.037274545856461e-06
0.0003984,2.3108925880205587e-12,6.9643034851207244e-06
0.0003992,8.049439700073206e-12,6.7916274268766965e-06
0.0004,1.3602579151296628e-11,6.5192274539426805e-06
